track type=bedGraph color=200,100,0 altColor=0,100,200 
M4B_v4_f1_contig_41	2262660	2432674	1.0
M4B_v4_f1_contig_222	1	22977	1.0
CRII6C_contig_25	1	181628	1.0
CRII6C_contig_24	1	35715	1.0
CRII6C_contig_261	1	120086	1.0
S6B_v1_f1_contig_602	1	285102	1.0
S6B_v1_f1_contig_208	1610762	1686958	1.0
CF58_contig_189	117167	200291	1.0
CF58_contig_85	1	115791	1.0
AR5B_contig_80	560287	1060410	1.0
AX2-214_contig_62	3642142	3730865	1.0
CM069765.1	6919896	7136712	1.0
KGL29Av1_contig_51	2095137	2243535	1.0
OT3A_contig_26	875656	1090676	1.0
PJ11_contig_230	2157411	2405706	1.0
chr3	3567052	3671703	1.0
GS8b_v4_f1_contig_34	2147330	2265276	1.0